39	526
86.1502456665	34.83495	135.47183
88.1843109131	34.83502	135.47217
88.9634780884	34.83507	135.47227
89.2956695557	34.83512	135.47234
89.4352493286	34.83517	135.47238
89.6938552856	34.83524	135.47242
90.1117477417	34.83527	135.47243
90.9176864624	34.83533	135.47243
91.5231018066	34.83541	135.47242
91.8447036743	34.83549	135.47235
91.9860305786	34.83552	135.47231
91.9636993408	34.83552	135.47229
92.250793457	34.83555	135.47224
95.8050765991	34.83572	135.47163
96.5261917114	34.83577	135.47155
96.6945419312	34.83579	135.47153
97.0768280029	34.83583	135.47152
97.9111938477	34.83592	135.47154
98.4077453613	34.83596	135.47158
98.8039932251	34.83599	135.47162
99.2141799927	34.83602	135.47169
101.699485779	34.83605	135.47201
102.14691925	34.83604	135.47212
102.608154297	34.83602	135.47222
103.740905762	34.83597	135.47237
104.929679871	34.83589	135.47253
104.883033752	34.8358	135.4727
105.825897217	34.83577	135.47282
106.354164124	34.83577	135.47288
107.378601074	34.83576	135.473
107.65877533	34.83577	135.47317
109.073646545	34.83578	135.47329
112.579795837	34.83586	135.47355
114.86265564	34.83593	135.47375
121.542648315	34.83617	135.47433
122.606941223	34.83622	135.47436
123.753723145	34.8363	135.47442
126.234741211	34.83657	135.47452
126.801956177	34.83664	135.47454
79	1061
126.801956177	34.83664	135.47454
128.339126587	34.83677	135.47458
128.812408447	34.8368	135.4746
129.577468872	34.83684	135.47462
130.109939575	34.83687	135.47466
130.392929077	34.83689	135.47475
130.412261963	34.83689	135.47479
130.556091309	34.83689	135.47484
130.5365448	34.83687	135.47488
128.989578247	34.83672	135.47502
128.155471802	34.83667	135.47509
127.83770752	34.83665	135.47512
127.54536438	34.83664	135.47518
127.278656006	34.83664	135.47525
127.138092041	34.83666	135.47534
127.596618652	34.83671	135.47544
129.853118896	34.83681	135.47556
130.701171875	34.83685	135.47561
131.274414062	34.8369	135.47564
131.922546387	34.83698	135.47568
132.470001221	34.83704	135.4757
133.556655884	34.83712	135.4757
135.192947388	34.83722	135.47569
140.489181519	34.8375	135.47559
141.617889404	34.83772	135.47548
145.831222534	34.83802	135.47535
147.587203979	34.83817	135.47533
148.171890259	34.83827	135.47533
148.482254028	34.83838	135.47535
148.628112793	34.83842	135.47536
149.097717285	34.83845	135.47538
148.938766479	34.83847	135.47541
149.268859863	34.8385	135.47545
149.137588501	34.83851	135.47551
150.728134155	34.83852	135.4756
150.922164917	34.8385	135.47566
150.978652954	34.83845	135.47578
150.426177979	34.83839	135.47589
148.891204834	34.83829	135.47603
147.046234131	34.83821	135.4761
146.06288147	34.83817	135.47612
139.083236694	34.83786	135.47628
138.154693604	34.83782	135.4763
136.610092163	34.83777	135.47636
135.398422241	34.83774	135.47642
134.370986938	34.83772	135.47648
133.953125	34.83772	135.47652
133.200393677	34.83772	135.47659
132.910583496	34.83775	135.47667
133.082336426	34.83777	135.47669
133.498748779	34.83782	135.47674
134.910812378	34.8379	135.47676
138.953323364	34.83809	135.47678
144.891159058	34.83831	135.47678
163.197937012	34.83877	135.47679
165.575134277	34.83891	135.47678
166.205276489	34.83901	135.47676
166.62046814	34.83906	135.47671
169.649139404	34.83924	135.47647
181.447036743	34.83949	135.476
178.699371338	34.83954	135.47584
180.497650146	34.83955	135.47578
182.66645813	34.83956	135.47572
184.568786621	34.83956	135.47566
184.963104248	34.83955	135.47561
184.933517456	34.83952	135.47555
186.532363892	34.8395	135.47548
185.518676758	34.83927	135.47511
180.963180542	34.83907	135.47477
176.75227356	34.83878	135.47425
173.475479126	34.83862	135.47375
174.127792358	34.8386	135.47363
175.769943237	34.8386	135.47354
177.005554199	34.83861	135.47351
180.529663086	34.83863	135.47344
183.863418579	34.83874	135.47318
187.173538208	34.83891	135.47287
189.782897949	34.83898	135.4728
190.008468628	34.83905	135.47277
206	2628
190.008468628	34.83905	135.47277
190.095428467	34.83906	135.47277
189.532440186	34.83914	135.47279
188.093170166	34.83916	135.47289
187.367401123	34.83911	135.473
186.483703613	34.83901	135.47308
185.709213257	34.83895	135.47313
185.169830322	34.8389	135.4732
185.011352539	34.83887	135.47326
184.323150635	34.83881	135.47339
182.675888062	34.83879	135.47349
181.078384399	34.83879	135.47359
180.305145264	34.83881	135.4737
180.675994873	34.83886	135.47384
182.378051758	34.83894	135.47402
184.858703613	34.83903	135.47417
189.821868896	34.83919	135.47439
202.646133423	34.83955	135.47483
211.315383911	34.83988	135.47522
213.373443604	34.83997	135.47527
215.584594727	34.84003	135.47531
215.845611572	34.84005	135.47536
215.988037109	34.84006	135.47539
210.97694397	34.84005	135.47566
210.826766968	34.84006	135.4757
210.814651489	34.8401	135.47579
211.439483643	34.84014	135.47583
212.455200195	34.84019	135.47586
220.505050659	34.8407	135.47603
219.684387207	34.84076	135.47606
217.51133728	34.84078	135.4761
211.222564697	34.84083	135.47622
209.313095093	34.84086	135.47626
206.888076782	34.8409	135.47631
205.963226318	34.84095	135.47633
205.816452026	34.84101	135.47633
207.240005493	34.84103	135.4763
226.630752563	34.8415	135.47587
227.900741577	34.84153	135.47585
228.96105957	34.84158	135.47584
229.625518799	34.84163	135.47583
240.524017334	34.84213	135.47579
240.342132568	34.84217	135.47579
236.396697998	34.84229	135.47584
236.190567017	34.84239	135.47585
238.61869812	34.84315	135.47588
236.519485474	34.84338	135.47587
239.845336914	34.84362	135.47585
243.090133667	34.84374	135.47583
243.784164429	34.84387	135.4758
246.214111328	34.84439	135.47598
247.816696167	34.84445	135.47601
248.395370483	34.84449	135.47604
248.38520813	34.8445	135.47605
245.456298828	34.8446	135.47625
245.734863281	34.84464	135.47629
245.20715332	34.84469	135.47633
244.736373901	34.84474	135.47634
245.702972412	34.84485	135.47634
248.200836182	34.84492	135.47631
251.761932373	34.84506	135.47625
246.325515747	34.84525	135.47617
245.038070679	34.84538	135.47611
244.93598938	34.84549	135.4761
244.765716553	34.84553	135.47611
244.573745728	34.84556	135.47613
244.915008545	34.84568	135.47629
245.397079468	34.84574	135.47635
245.405731201	34.84576	135.47636
245.125701904	34.84586	135.47637
245.168075562	34.84592	135.47638
245.543670654	34.84597	135.47641
245.526000977	34.84599	135.47642
246.234268188	34.84609	135.47654
245.763900757	34.84613	135.47658
244.829711914	34.84619	135.47659
244.575592041	34.84624	135.47659
243.555297852	34.84642	135.47655
242.921188354	34.84649	135.47655
242.758209229	34.84652	135.47656
243.247253418	34.84655	135.47661
243.59362793	34.84658	135.47667
249.591308594	34.84668	135.47703
250.33605957	34.8467	135.47709
249.083770752	34.84674	135.47712
246.520889282	34.8468	135.47713
246.539321899	34.84683	135.47713
246.096603394	34.84688	135.47711
245.210021973	34.847	135.47705
245.004165649	34.84703	135.47704
244.849731445	34.84707	135.47703
245.365356445	34.84714	135.47705
247.860168457	34.84726	135.47711
248.738006592	34.84731	135.47712
248.296066284	34.84735	135.47711
248.761260986	34.8474	135.47709
248.250686646	34.84743	135.47706
247.267532349	34.84747	135.47702
244.643325806	34.84749	135.47696
244.377227783	34.8475	135.47694
243.804031372	34.8475	135.47688
243.618850708	34.84747	135.47681
242.800735474	34.84734	135.47656
242.85093689	34.84735	135.4765
240.883346558	34.84764	135.47631
241.041885376	34.84766	135.4763
241.19909668	34.84768	135.47627
241.095062256	34.84771	135.4762
241.254638672	34.84772	135.47614
242.16607666	34.84771	135.47612
243.521072388	34.8477	135.47609
245.733413696	34.84766	135.47605
246.728591919	34.84759	135.476
238.508956909	34.84703	135.47577
237.950759888	34.84686	135.47566
236.929412842	34.84678	135.4756
236.775405884	34.84675	135.47556
236.585357666	34.84671	135.47551
237.047164917	34.84671	135.47545
237.315719604	34.84673	135.47542
237.619064331	34.84677	135.47536
238.055404663	34.8471	135.47511
237.130889893	34.84713	135.47506
233.90864563	34.84725	135.47488
233.316101074	34.84729	135.47484
231.188156128	34.8474	135.47473
232.011230469	34.84744	135.47472
232.564056396	34.84749	135.4747
234.108413696	34.84787	135.4746
233.637496948	34.848	135.47459
233.421905518	34.8481	135.47459
233.951721191	34.84813	135.4746
235.317321777	34.8482	135.47463
248.168334961	34.84848	135.47486
248.849075317	34.84854	135.47488
249.913864136	34.8486	135.47491
247.781082153	34.84864	135.47491
242.533691406	34.84871	135.47488
240.040466309	34.84877	135.47486
238.15057373	34.84885	135.4748
237.283828735	34.84896	135.47471
237.108795166	34.84904	135.47466
237.133132935	34.84908	135.47464
237.503479004	34.84913	135.47464
237.98576355	34.84923	135.47467
237.233734131	34.84927	135.47467
232.53326416	34.8494	135.47464
230.661361694	34.84946	135.47464
229.93687439	34.84951	135.47466
230.252288818	34.84954	135.47469
230.289260864	34.84959	135.47473
231.282989502	34.84962	135.47478
232.849472046	34.84963	135.47483
234.294998169	34.84964	135.47488
238.225738525	34.84966	135.47506
240.514007568	34.84968	135.47517
242.070175171	34.84969	135.47522
243.836364746	34.84972	135.47529
244.359146118	34.84976	135.47539
240.184661865	34.85017	135.47595
240.53427124	34.85025	135.47604
240.566665649	34.85038	135.47616
238.38508606	34.85043	135.47614
237.273910522	34.85053	135.47604
237.465515137	34.85053	135.47602
237.324295044	34.85043	135.47566
235.74118042	34.85035	135.47533
235.278106689	34.85035	135.47527
234.664154053	34.85036	135.47521
233.821792603	34.85039	135.47514
234.127655029	34.85043	135.47511
235.066833496	34.8505	135.47508
237.298843384	34.85072	135.47498
236.597976685	34.8508	135.47493
235.769348145	34.85083	135.47489
235.112731934	34.85085	135.47484
234.713027954	34.85085	135.47477
232.281951904	34.85081	135.47462
231.525802612	34.85079	135.47454
230.854446411	34.85079	135.47445
230.063644409	34.8508	135.47437
228.090438843	34.85081	135.47426
227.833465576	34.85084	135.47419
227.746612549	34.85087	135.47413
228.656570435	34.85099	135.47395
229.038696289	34.85104	135.47389
232.067138672	34.85134	135.47368
231.649871826	34.85137	135.47362
230.635696411	34.85161	135.4731
230.162826538	34.85162	135.47303
230.446899414	34.85163	135.47295
230.125335693	34.85164	135.47261
229.452957153	34.85166	135.47255
228.98890686	34.85169	135.47251
228.008728027	34.85174	135.47248
227.845672607	34.8518	135.47248
229.130187988	34.85187	135.47251
232.807067871	34.85213	135.4726
235.432495117	34.85222	135.47262
237.653167725	34.85229	135.47262
237.300506592	34.85239	135.4726
230.135162354	34.85272	135.47248
229.710174561	34.85275	135.47248
229.091934204	34.85279	135.47248
236.647979736	34.85295	135.47267
236.878189087	34.85299	135.47269
137	2328
236.878189087	34.85299	135.47269
234.510223389	34.85309	135.47269
233.52394104	34.85328	135.47268
233.871826172	34.85335	135.47268
236.798187256	34.85353	135.47274
235.50112915	34.85383	135.47286
232.849563599	34.85403	135.47304
232.215042114	34.85411	135.4731
232.249954224	34.8542	135.47314
232.403076172	34.85426	135.47314
233.037017822	34.85431	135.47313
234.670501709	34.85437	135.47309
234.391021729	34.85446	135.47298
231.818008423	34.85474	135.47248
231.134613037	34.85478	135.47236
229.818710327	34.85482	135.47214
230.139205933	34.85483	135.47193
230.58404541	34.85481	135.47162
231.344833374	34.85482	135.47152
231.80758667	34.85483	135.47142
231.981201172	34.85485	135.47129
232.179046631	34.85497	135.47096
232.402450562	34.85508	135.47069
232.399749756	34.85512	135.4706
232.473373413	34.8552	135.47051
232.650192261	34.85531	135.47043
232.820480347	34.85538	135.47042
232.989212036	34.85547	135.47042
233.047637939	34.85553	135.47043
233.08543396	34.85559	135.47045
233.577911377	34.85563	135.4705
234.265411377	34.85571	135.47059
237.143814087	34.85599	135.47116
239.616455078	34.85619	135.47152
240.297775269	34.85637	135.47191
240.130020142	34.85646	135.47212
240.501556396	34.85647	135.4722
241.260467529	34.85647	135.47227
241.687332153	34.85644	135.4723
242.28968811	34.8564	135.47233
243.166992188	34.85636	135.47235
247.122314453	34.85607	135.47239
247.347396851	34.85603	135.47241
247.753738403	34.856	135.47243
248.897369385	34.85596	135.47247
250.189971924	34.85594	135.47253
250.978088379	34.85593	135.47258
251.950820923	34.85594	135.47267
262.868133545	34.856	135.47301
263.415863037	34.85603	135.47306
262.547393799	34.85606	135.4731
260.450378418	34.8561	135.47313
268.543487549	34.85635	135.4733
267.843139648	34.85637	135.47333
266.269439697	34.85639	135.47336
262.123535156	34.85644	135.47348
261.114318848	34.85657	135.474
260.748321533	34.85657	135.47406
260.39932251	34.85656	135.4741
261.398345947	34.85653	135.47419
262.025695801	34.85649	135.47422
261.744659424	34.85645	135.47425
262.643585205	34.85604	135.47443
263.306030273	34.85599	135.47447
263.395477295	34.85597	135.4745
263.410705566	34.85596	135.47455
263.715820312	34.85596	135.47462
263.920562744	34.85598	135.47467
265.798675537	34.8561	135.47489
271.087280273	34.85628	135.47562
272.465026855	34.85637	135.47585
272.883850098	34.85643	135.47601
273.224212646	34.85645	135.47612
273.30291748	34.85645	135.4763
272.179443359	34.85644	135.47638
274.561218262	34.85641	135.47653
275.386932373	34.85638	135.47661
277.76071167	34.85633	135.47672
277.693023682	34.85625	135.4768
276.220336914	34.85616	135.47688
276.294219971	34.85584	135.47698
276.196716309	34.85579	135.47701
276.855895996	34.85574	135.47704
276.250671387	34.85572	135.47709
276.137878418	34.85571	135.47712
276.062103271	34.8557	135.47719
275.370025635	34.85572	135.47726
275.613342285	34.85573	135.47729
279.819671631	34.85596	135.47763
284.004241943	34.856	135.47775
287.648895264	34.85604	135.47797
287.747772217	34.85605	135.478
285.852813721	34.85609	135.47803
284.947998047	34.85618	135.47809
287.30581665	34.85626	135.47814
287.925720215	34.85633	135.47821
289.549804688	34.85649	135.47844
290.141906738	34.85658	135.47858
284.498016357	34.85672	135.47895
285.920928955	34.85674	135.47902
285.49710083	34.85678	135.47906
283.836853027	34.85684	135.4791
283.321228027	34.85691	135.47913
283.351806641	34.85696	135.47914
283.346618652	34.85705	135.47914
283.629821777	34.85723	135.47912
284.140136719	34.85732	135.47912
286.146514893	34.85743	135.47925
289.797088623	34.8576	135.47943
289.027038574	34.85766	135.47953
288.644226074	34.85781	135.47994
290.454559326	34.85797	135.48023
299.068054199	34.85814	135.48083
299.207214355	34.85815	135.48088
296.558013916	34.85815	135.48108
296.489227295	34.85801	135.48194
297.822998047	34.85799	135.48209
300.232513428	34.85799	135.48219
305.20098877	34.85802	135.48227
309.634979248	34.85808	135.48231
313.269165039	34.85818	135.48238
313.952880859	34.85827	135.48244
309.501708984	34.85838	135.48255
316.527313232	34.85867	135.48289
305.770782471	34.85881	135.4831
304.461212158	34.85908	135.48348
305.777191162	34.85911	135.48353
314.207672119	34.85924	135.484
308.932067871	34.85937	135.48446
308.474487305	34.85942	135.4848
308.117370605	34.85944	135.48485
314.499664307	34.85965	135.48522
312.41809082	34.8597	135.48532
312.957611084	34.85986	135.4859
312.915161133	34.8599	135.48602
313.584320068	34.85997	135.48611
313.881866455	34.86013	135.48621
59	982
313.881866455	34.86013	135.48621
316.404449463	34.8604	135.48638
316.978515625	34.86048	135.4864
318.184326172	34.86054	135.4864
320.432861328	34.86063	135.48638
320.353912354	34.86068	135.48637
319.862701416	34.86078	135.4863
319.979675293	34.8609	135.48622
321.496368408	34.86095	135.4862
322.57131958	34.86101	135.4862
322.391845703	34.86106	135.48622
322.976837158	34.86111	135.48625
323.968963623	34.86114	135.48629
327.355560303	34.86147	135.48671
329.609832764	34.86161	135.48687
330.787109375	34.86168	135.48694
330.331176758	34.86174	135.48697
330.200958252	34.8618	135.487
331.959838867	34.86188	135.48703
332.886230469	34.86214	135.48709
333.456390381	34.86225	135.48712
336.431518555	34.86246	135.48723
343.070068359	34.86269	135.48755
346.562744141	34.86276	135.48765
348.060821533	34.86282	135.48771
353.330352783	34.86324	135.48798
352.864135742	34.86331	135.48804
354.755371094	34.86336	135.48811
357.340484619	34.86342	135.48818
375.680236816	34.86387	135.48888
377.871063232	34.86393	135.48895
378.398132324	34.86398	135.48899
377.95892334	34.86402	135.48903
375.191162109	34.86414	135.48909
374.385498047	34.86424	135.48918
374.716644287	34.86429	135.48922
374.909912109	34.86431	135.48926
375.305725098	34.86434	135.48932
378.665008545	34.86438	135.48949
377.955963135	34.86442	135.48964
376.083740234	34.86444	135.48977
374.031982422	34.86445	135.48984
377.118927002	34.86446	135.49031
378.45526123	34.86447	135.49046
382.40914917	34.8645	135.49069
374.459594727	34.86459	135.49093
373.892974854	34.86461	135.49101
370.177764893	34.86465	135.49115
368.232025146	34.86466	135.49126
367.872131348	34.86466	135.49135
368.125305176	34.86464	135.49143
364.279083252	34.86448	135.49189
363.413665771	34.86447	135.49195
357.476318359	34.86437	135.49256
356.856292725	34.86432	135.49281
356.131744385	34.86428	135.49318
356.360961914	34.86429	135.49326
356.200439453	34.86431	135.49332
354.975769043	34.8644	135.4935